% latex table generated in R 3.4.2 by xtable 1.8-2 package
% Tue Dec  5 20:58:46 2017
\begin{table}[ht]
\centering
\caption{Correlations amongTST, CSTmean, CMP, SkinSoft, Ds, and DsSD}
\label{tab:collfibcor}
\begin{tabular}{|rrrrrrr|}
  \hline
 & TST & CSTmean & CMP & SkinSoft & Ds & DsSD \\ 
  \hline
TST & 1.00 & 0.34 & 0.13 & -0.26 & -0.04 & -0.01 \\ 
  CSTmean & 0.34 & 1.00 & -0.88 & -0.73 & 0.34 & 0.39 \\ 
  CMP & 0.13 & -0.88 & 1.00 & 0.64 & -0.40 & -0.43 \\ 
  SkinSoft & -0.26 & -0.73 & 0.64 & 1.00 & -0.29 & -0.29 \\ 
  Ds & -0.04 & 0.34 & -0.40 & -0.29 & 1.00 & 0.73 \\ 
  DsSD & -0.01 & 0.39 & -0.43 & -0.29 & 0.73 & 1.00 \\ 
   \hline
\end{tabular}
\end{table}

