% latex table generated in R 3.4.2 by xtable 1.8-2 package
% Mon Dec  4 21:12:12 2017
\begin{table}[ht]
\centering
\caption{Correlations among TST, CSTmean, CMP, SkinSoft, S/P, and Fn}
\label{tab:collfollcor}
\begin{tabular}{|rrrrrrr|}
  \hline
 & TST & CSTmean & CMP & SkinSoft & S/P & Fn \\ 
  \hline
TST & 1.00 & 0.34 & 0.13 & -0.26 & -0.11 & 0.19 \\ 
  CSTmean & 0.34 & 1.00 & -0.88 & -0.73 & -0.37 & -0.33 \\ 
  CMP & 0.13 & -0.88 & 1.00 & 0.64 & 0.36 & 0.43 \\ 
  SkinSoft & -0.26 & -0.73 & 0.64 & 1.00 & 0.36 & 0.26 \\ 
  S/P & -0.11 & -0.37 & 0.36 & 0.36 & 1.00 & 0.38 \\ 
  Fn & 0.19 & -0.33 & 0.43 & 0.26 & 0.38 & 1.00 \\ 
   \hline
\end{tabular}
\end{table}

